0.3489    0.2227    0.42840.2500    0.4252    0.32480.4000    0.4543    0.14570.2374    0.3787    0.38400.3667    0.3266    0.30670.2389    0.5051    0.25600.0762    0.3624    0.56140.3550    0.3525    0.29250.3425    0.4521    0.20540.4489    0.2932    0.25790.4144    0.4570    0.12850.2421    0.0749    0.68290.3137    0.3475    0.33880.6426    0.1956    0.16170.1558    0.4686    0.37560.3723    0.3580    0.26960.1528    0.4431    0.40410.1143    0.6171    0.26860.1752    0.1395    0.68530.3982    0.4388    0.16300.4118    0.4589    0.12940.5260    0.2437    0.23030.4776    0.2340    0.28830.3524    0.6119    0.03570.1452    0.5311    0.32370.2731    0.3287    0.39820.2853    0.3600    0.35470.4723    0.3837    0.14400.3370    0.6460    0.01690.0508    0.6943    0.25490.5631    0.1039    0.33290.4221    0.0092    0.56870.4307    0.4823    0.08700.2852    0.6038    0.11100.5191    0.2981    0.18280.2561    0.2744    0.46950.1010    0.6978    0.20120.3384    0.3855    0.27610.1842    0.3059    0.50990.0907    0.7325    0.17680.4657    0.3557    0.17860.4757    0.1679    0.35640.2523    0.5508    0.19690.5161    0.1743    0.30960.2643    0.4341    0.30160.1906    0.3793    0.43010.5323    0.2599    0.20780.5522    0.3239    0.12390.3634    0.4942    0.14230.5202    0.1064    0.37340.4821    0.4497    0.06820.2211    0.5335    0.24540.1183    0.6448    0.23680.2790    0.3482    0.37290.4452    0.4892    0.06550.3376    0.1963    0.46610.3843    0.3595    0.25620.5744    0.1948    0.23080.2074    0.2722    0.52040.2023    0.1958    0.60190.3274    0.6488    0.02370.3789    0.3523    0.26880.3188    0.4026    0.27860.4054    0.0885    0.50610.1281    0.3336    0.53830.7497    0.1504    0.09990.1351    0.0260    0.83880.3402    0.2690    0.39080.2061    0.5160    0.27780.3146    0.5163    0.16910.7622    0.1920    0.04580.2568    0.5043    0.23890.4557    0.3962    0.14810.2234    0.3716    0.40500.0733    0.5673    0.35930.0600    0.2492    0.69070.3114    0.3418    0.34690.3159    0.4630    0.22110.3176    0.4478    0.23460.3648    0.4137    0.22150.1378    0.2130    0.64930.3581    0.3013    0.34060.1447    0.1674    0.68790.1454    0.4241    0.43050.4176    0.3771    0.20530.2936    0.6336    0.07280.3826    0.4074    0.21000.4849    0.3636    0.15150.2313    0.6729    0.09570.6412    0.0898    0.26890.2339    0.3748    0.3913

